1102
1117
1558
1923
2143
11396
11449
11511
11654
11875
11921
11928
12034
12036
12047
12152
12570
12971_FC
12972_FC
12993
12994_a
13008_A
13117
13142
13424
13454
13782
13823_FC
13885
13886
13901
13907
13910
13950
14105
14149
14205
14211
14284
14402
14404
14473
14483_FC
14493
14493_FC
14501
14510_FC
14521
14524
14533
14611_FC
14619
14703
14706
14718
14729
14746
14765
14773
14812
14821
14836
14862
15070
15091
15125
15183
15217
15218
15219
15245
15249
15260
15265
15309
15328
15351
15355
15370
15426
15432
15444
15517
15611
15626
15658
15699
15794
15821
15895
15949
15955
15985
16011
16024
16114_FC
16246
16281
16393
16438
16488
16491
16548
16840
16972
17048
17053
17071
17072
17109
17160
17162
17167
17175
17198
17264
17369
17486
17629
17630
17634
17671
17754
17756
17767
17809_FC
17812
17883_FC
17898
17921
17923
17936
17940
17972
17978
18039
18048
18061
18121
18137
18145
18190_FC
18351_FC
18372
18382
19043
